965
697106497
3900
420
405000
14112
8250
4200
142884
4655
67200
30
17640
61966
8064
621008
4000
24
7390
94080
14336
16524
94500
77
614400
37800
22464
961175759
4410
49000
19800
999999937
85536
22500
147456
131220
1836
3120
3509575
145800
300
7500
101250
25200
256000
89100
7056
288000
2070
49500
396
84480
74880
1500
7
91
19656
430080
23328
7776
15876
164640
11664
768
1056
983900459
6600
559
71
252000
7025
87480
12672
85712697
24750
26
3371
3564
816
30030
5184
91857
904152917
65
35280
117
524880
33
34111
16320
18432
151200
8400
3600
8660
92160
60480
12240
45000
135
19
170100
20328
4480
67893369
9408
4
241920
9827
214573
109
1701
45
40960
19440
482421315
1620
93312
15552
536870912
129024
89600
63000
8960
6765
5520
6000
58320
34300
1960
18720
16128
100800
2431
103680
38880
32076
224
132000
78000
2940
2592
480000
622080
85
9000
49280
546750
25002
30720
236250
8347
25
17424
2600
14688
625433749
52920
28512
5760
2730
201600
14560
22
9
120
19200
95040
9240
194241
72
75264
103
2880
104
552960
112896
52488
50688
82268566
441
323
22950
4788
18240
8424
864
276480
432000
64512
31104
24300
161280
6552
60000
10080
85050
64152
248832
4704
172800
123
4560
4608
474
672
63360
8976
33108
118800
12288
217728
70200
18480
583200
981028563
40824
107520
38400
108
1890
3864
281
53
64922375
3
13824
938017885
786432
33600
2688
1848
33792
7680
4312
54000
27
128000
8015864
13860
5767201
700
95
96228
3157819
230400
994617
192
2906162
29250
6300
5616
67584
98415
138240
125440
7897861
2720
9450
80949857
22680
10710
186624
665
32256
180
912
8448
8372259
32400
900
2403381
29400
25920
157464
215040
1671
97
12768
307200
81648
42120
58054077
38
8
244944
395
51030
2520
11016
35503
11232
181440
176400
96768
362880
519
27216
63180
5721
2160
54
1512
21
2618049
84579
19008
92400
55
688978813
28672
38497
7040
4725
22848
10800
10752
13
44
999999998
105000
233280
999999999
36864
1100
163840
51840
268800
409342369
35100
86400
8826131
64800
101
83160
6541551
73728
142560
50000
69120
28800
65610
3240
2
375000
9504
7128
64680
78750
986129769
72000
51
1215
4160
282791
88
5000
746803744
7296
225792
24576
49152
63504
653477439
725573
1000000000
194400
2100
243000
787320
129
179200
132300
2640
6075
16380
88704
86016
23040
3072
6720
145152
9425
4943
102060
2376
1741
4914
21384
20480
235200
48510
259200
58
127
21840
11264
1600
125
99000
100696425
13122
6399199
43
16200
98304
466560
2156
9600
7389
127008
900360029
12348
5280
78
546
40
184320
245760
42755209
24480
31752
165888
47628
998244353
81000
2430
44550
52416
81
4733
24192
4158
3456
336000
115
182250
64
3780
2268
5200
12000
3024
87
524288
110
1584
68
15120
54432
85881
29160
135000
4320
42105
29120
47958485
9800
324000
49920
34020
226151256
62208
31200
75
5824
2400
15680
6930
83
15400
1440
84
322081025
49392
80
655360
120000
17280
922505446
209952
393660
5657
26880
1615
1134
6144
5120
1001604
10000
76032
10260
21504
782
6
23
510205
9216
47473
2250
96000
57600
13680
10500
48238
23115571
126
472392
2000
5016
969
281250
99
6840
63
1680
25600
2097152
501
14
28000
27456
8772
457481
589833267
1530
23760
322560
22176
79200
7200
110250
21600
162000
49896
84240
813
805306368
70400
8624
20160
27184698
105600
2016
448
5601
139968
7920
42
301056
211680
30240
37440
5940
34944
33401221
34848
1008
69984
17820
1000000
5808
196608
106
4050
949106497
6804
136080
80640
18
1048576
57
57024
21870
196830
2352
42768
76800
23100
56448
5400
155520
4539685
56700
25490988
23400
491520
24000
916855204
131980
1323
8087519
2736
58800
74088
104976
115200
118272
12870
31500
32000
41472
28080
13440
476014
124
9180
1764
42336
204120
696
13500
11085765
44928
70000
168960
43680
15288
92
459270
934
114688
37
11
9409159
122877509
14400
119
216000
98
5361
21383
3264
111
32
13056
327680
270000
989447237
998506315
129600
15
17920
46
207360
391
346742385
291600
3696
23232
53760
99840
33750
29700
414720
3528
48
33696
294912
29484
34560
300000
76
59136
4680
124416
45360
71280
11000
8550
12150
174960
576
1249
192000
360000
32805
5376
331776
81920
113
144000
48600
79
20
82
7785
8208
673921
7392
12960
116640
69888
630
2310
105
2707
79548
43200
110592
24696
17
15840
92317161
16224
5600
3960
1
587234
193536
108000
115248
66528
17550
59
368640
61740
314928
1632
3510
18000
302400
46464
1817
180000
16800
189
47040
5
13230
311040
10
262440
1001
221184
43740
36
153600
50544
640
40950
48000
121
35
160
4675
4620
460800
31
641
486000
55296
67
17136
32670
94
90
27720
112
90720
42000
8640
4032
59400
1260
41600
926315427
540
72576
28
468
340200
97200
518400
8316
69
56160
8748
30973
41580
122
7455307
4374
35640
62
118263990
68040
987
8320
7560
12544
60
121500
11340
3375
32768
5044
957262828
442368
105840
50400
50
306180
1920
39936
373248
15750
3168
86
202500
2560
39600
14700
66150
133650
56
473
1904
5297
168000
21168
1728
699840
31590
93
633
128
77760
240000
7290
7938
47
169344
8000
54880
226800
61440
1800
16000
1944
3312
10560
3000
2340
257
345600
5625
408240
388800
52800
21952
4752
48384
3584
198450
2025
65536
150000
4536
20000
954158175
74
393216
118
67500
71805
95256
123480
70235461
21000
432255
75600
54600
20736
34
12096
9900
279936
8100
964532929
29
96
5040
108864
364500
504
660
172032
810
66
9100
49
107
131
38016
193
57344
112000
2304
84000
46080
70
2200
18816
3360
29952
40320
10368
517759
70560
163296
3645
5073
89
967669583
134400
36283838
792
116
150528
1520
216
94770
5250
52
16
141120
4173641
361
6400
9489
288
102
6037
72900
362
82944
26460
126720
170
1824
122880
20592
4488
53940
44800
73
5346
31680
57624
4800
6750
27000
567
10240
1386
4896
349920
5304
14040
6480
200000
646
12800
32640
16464
